e001233|2022
e004151|2023
e016971|2025
e016291|2025
e002341|2023
e002651|2023
e004431|2023
68399|2022
66206|2022
e014193|2024
e016851|2025
66196|2022
66867|2022
e015342|2024
e014196|2024
21227|2022
e010901|2024
e002821|2023
e003671|2023
e002602|2023
e002231|2023
66960|2022
e002991|2023
e001031|2022
e016962|2025
7299|2022
66939|2022
e008041|2024
e005712|2023
e003602|2023
e011201|2024
e005811|2023
e002391|2023
e002841|2023
e008691|2023
e01350|2024
9820|2024
e008121|2023
7035|2022
e01355|2024
68398|2022
e005381|2023
e003841|2023
68400|2022
e005981|2023
69678|2022
66122|2022
67779|2022
1165|2022
68161|2022
e005711|2023
66938|2022
66119|2022
67878|2022
e000831|2022
e002291|2023
66202|2022
e003021|2023
1565|2022
66958|2022
66540|2022
66866|2022
e003611|2023
e002233|2023
66208|2022
e005351|2023
|2023
58843|2022
e014801|2024
e000911|2022
e001232|2022
e006631|2023
e011051|2024
e000841|2022
66959|2022
69019|2022
68199|2022
e016761|2025
69398|2022
e007921|2023
e008051|2023
e016981|2025
e002461|2023
65159|2022
66098|2022
54063|2023
e010041|2024
61918|2022
68419|2022
e004791|2023
e00643|2023
e014194|2024
68730|2022
e004433|2023
69238|2022
67009|2022
67840|2022
e006211|2023
68218|2022
e005871|2023
64381|2022
e004102|2023
67841|2022
1566|2022
66798|2022
e005713|2023
67420|2022
e002411|2023
66123|2022
66799|2022
e003001|2023
66203|2022
e009262|2023
e014192|2024
e016601|2025
e010931|2024
67198|2022
e00905|2023
37798|2022
66195|2022
68162|2022
e004432|2023
66358|2022
e014211|2024
66078|2022
3470|2022
69038|2022
e012541|2024
e003601|2023
65898|2022
e011411|2024
68727|2022
e014195|2024
e001071|2022
e011221|2024
68192|2023
66961|2022
17182|2022
e002161|2022
65158|2022
50602|2022
e100061|2024
e003022|2023
e010031|2024
e01354|2024
e000821|2023
52171|2022
e004121|2023
e003971|2023
e005382|2023
66544|2022
e017021|2025
66545|2022
69620|2022
e016441|2025
e013151|2024
e005812|2023
66508|2022
66124|2022
e001234|2022
e009991|2024
e008541|2023
67839|2022
e00644|2023
e010032|2024
e008111|2023
e007691|2023
66661|2022
e011421|2024
18088|2022
e009212|2023
63618|2022
11633|2022
902|2022
e005171|2023
e003502|2023
e003511|2023
e014191|2024
67338|2022
e006351|2023
66659|2022
e002581|2023
e000591|2022
e016801|2025
9298|2022
e010033|2024
e009261|2023
e002851|2023
e004101|2023
e003171|2023
69018|2022
e007512|2023
67838|2022
e004091|2023
66209|2022
e003672|2023
64838|2022
e016611|2025
e014197|2024
e002601|2023
69618|2022
66205|2022
e002941|2023
66204|2022
68401|2022
67458|2022
66300|2022
69619|2024
e016861|2025
e014921|2024
e0080021|2023
900|2022
66797|2022
e005991|2023
24145|2023
e009211|2023
e012201|2024
e002141|2023
e007511|2023
e016581|2025
6417|2024
e001231|2022
e004111|2023
e003501|2023
67578|2022
e01657|2025
2901|2022
66191|2022
e002232|2023
e017721|2025
