ys0005|2026
1026|2023
34571812116|2023
2083|2022
474391|2022
120046|2024
0306151|2025
20161026088|2022
20150720309|2026
ph1720|2024
105231|2022
210427|2023
80664|2026
633801|2022
20150128028|2022
20150128004|2025
ph1091|2026
41107|2022
20170804104|2023
040145|2023
05135148|2022
58785|2022
81856|2026
80757|2022
904042|2025
100378|2022
1057|2025
20170206089|2022
120059|2022
3720|2026
231164|2025
2059|2025
3457311|2023
1330|2023
80665|2024
20170827010|2023
otbap06|2024
1382|2022
210430|2025
201603263|2024
0501183|2026
1020144|2025
psp95771522498|2026
2361|2023
0804j200011|2022
0513451|2023
34571822778|2023
100381|2023
11082780|2023
2042a01446|2023
iso025|2022
806651|2022
1011|2025
150526|2024
0612484|2024
1045|2024
1036|2024
120055|2025
0162482|2023
0506157|2024
108230|2024
ct2705|2024
101458|2024
806661|2022
1279|2022
20150128005|2022
20151019054|2022
1405p05m03|2022
1017|2022
20161026079|2022
1272|2022
0201|2022
1028|2023
otdmeo01|2025
231165|2025
2084|2022
76634|2023
73291|2025
0711456|2024
2208003|2026
41110|2022
220750|2025
1215332|2023
85418|2025
0513271|2023
20160322058|2022
210420|2023
21278|2023
2010296|2022
1021|2025
2208002|2026
4513|2023
2039|2023
l1006|2025
0222181|2025
1043|2025
l08048|2024
basda142209001|2026
20160322070|2022
84424|2023
513272|2022
1329|2022
82075|2023
84760|2026
120061|2025
110740|2025
0420783|2024
2009269|2023
2082|2022
0223068|2025
1176|2022
20140620001|2024
220751|2025
806671|2022
210414|2023
20170804103|2022
1378|2022
20170804008|2023
110741|2022
2152|2022
ph1085|2023
1027|2024
0722064|2025
4514|2023
0224234|2025
3815|2023
84423|2023
73101|2023
80667|2023
2634|2023
20140627003|2024
0221|2022
83238|2023
54080|2023
2392|2022
3457181|2026
41113|2022
1493|2026
0212222|2023
l01013|2023
41114|2022
957722182761|2022
otddoc130205|2025
81854|2026
0420782|2024
88113|2026
p07015|2025
84422|2023
21832|2022
83233|2023
14482|2022
231166|2025
1789|2025
1491|2023
18344613100|2022
1044|2024
otbap05|2025
0153272|2022
54615|2022
72315|2023
0513272|2025
0513649|2025
1014|2022
0419718|2023
2010067|2022
231167|2025
0912494|2024
1371|2023
20170206096|2022
84421|2023
20140023014|2022
41106|2022
1116|2022
ct2510|2026
f06070|2022
1242|2022
2501002|2026
1005055|2025
201708027010|2022
222181|2022
84420|2023
806641|2022
0513514|2025
0915568|2025
0108231|2025
0421165|2025
0710435|2023
1014548|2024
210433|2025
0212223|2022
420784|2022
20160825006|2022
20170206090|2022
